142,udp,sql_net,RSTR,1913,3151,1,113,26,214,135,0,158,97,54972,58280,59646,8448,94887,121,0,1,893,634,0.88,0.15,0.58,0.3,29776,34123,74,166,329,399,333,0.21,0.95,0.9,243,301,0.32,0.67,0.87,0.65,0.51,0.88,0.66,0,normal,38
233,tcp,exec,REJ,396,1113,0,72,134,110,22,1,153,137,94245,65423,36419,56084,1132,23,1,1,412,376,0.17,0.48,0.73,0.25,64777,57477,36,362,393,124,496,0.52,0,0.54,855,977,0.51,0.33,0.84,0.27,0.99,0.63,0.19,0.9,trojan_activity,62
247,tcp,gopher,RSTO,2640,2828,1,94,74,250,37,1,109,100,66247,42601,54751,72099,77482,538,0,1,284,943,0.09,0.3,0.01,0.48,4482,24246,69,136,314,123,240,0.48,0.24,0.22,240,481,0.99,0.93,0.77,0.72,0.76,0.56,0.01,0.62,unsuccessful_user,76
180,udp,eco_i,REJ,516,2047,0,122,210,62,102,1,99,138,22024,76158,86336,75789,72060,466,1,0,397,622,0.5,0.3,0.81,0.36,38743,27020,24,498,30,43,457,0.14,0.96,0.15,690,173,0.6,0.64,0.28,0.43,0.05,0.53,0.81,0.08,trojan_activity,74
137,udp,domain,OTH,2827,824,0,154,76,28,128,1,114,54,21473,84794,86112,58053,4540,470,1,0,536,295,0.08,0.12,0.56,0.85,56739,37213,43,370,100,206,215,0.75,0.54,0.66,128,687,0.25,0,0.38,1,0.57,0.13,0.48,0.93,rpc_portmap_decode,74
79,icmp,red_i,S3,2884,2415,0,61,75,226,124,0,79,123,71097,15996,68661,37982,32445,244,1,1,971,395,0.39,0.88,0.6,0.65,17596,26328,52,264,70,171,457,0.74,0.92,0.42,345,227,0.19,0.09,0.55,0.51,0.79,0.63,0.06,0.37,normal,59
238,udp,vmnet,OTH,74,2650,0,146,75,209,252,0,123,115,59425,2950,45800,17765,92031,464,1,1,722,353,0.71,0.86,0.3,0.21,46837,10762,34,236,332,330,147,0.03,0.27,0.93,135,644,0.22,0.26,0.09,0.46,0.17,0.84,0.06,0.37,system_call_detect,21
64,icmp,supdup,RSTOS0,2834,2999,0,36,77,96,90,1,181,79,28055,88426,37933,17357,84758,402,1,0,704,223,0.06,0.75,0.44,0.57,38199,42277,82,391,104,313,337,0.15,0.16,0.48,892,949,0.3,0.9,0.97,0.29,0.97,0.61,0.33,0.79,normal,9
49,icmp,private,RSTO,2778,2015,0,216,101,215,181,0,182,29,33862,86388,60034,14449,65456,72,0,1,827,421,0.8,0.44,0.92,0.59,53085,19644,34,142,397,220,213,0.88,0.57,0.01,685,378,0.43,0.71,0.52,0.84,0.1,0.6,0.93,0.98,denial_of_service,96
241,tcp,uucp,S3,1407,1723,0,195,237,167,79,1,16,30,22936,31927,45552,24351,51174,451,0,1,235,373,0.63,0.18,1,0.26,30742,62731,34,371,53,371,416,0.17,0.71,0.7,578,56,0.86,0.43,0.22,0.55,0.23,0.14,0.18,0.51,network_scan,66
40,udp,http_443,S3,2473,705,0,84,41,29,118,1,171,40,87306,31848,20477,3074,28531,214,0,0,126,937,0.72,0.13,0.87,0.36,24830,46751,43,449,294,304,480,0.35,0.25,0.76,837,502,0.16,0.73,0.43,0.62,0.13,0.79,0.36,0.17,normal,17
208,udp,IRC,S0,2162,2013,1,3,254,254,168,1,189,92,25605,97265,98841,90750,22497,481,1,0,326,320,0.92,0.58,0.19,0.17,19454,39755,64,60,389,366,18,0.01,0.95,0.31,20,243,0.68,0.08,0.13,0.43,0.05,0.83,0.53,0.89,misc_attack,14
126,icmp,telnet,SF,2554,2597,1,252,156,107,236,0,78,8,47905,20895,36961,23100,95957,182,0,1,22,598,0.18,0.94,0.37,0.82,9072,65175,14,223,56,78,88,0.59,0.43,0.7,825,248,0.4,0.69,0.01,0.68,0.63,0.81,0.09,0.54,successful_recon_limited,61
67,tcp,ecr_i,RSTOS0,508,1239,0,122,64,48,112,0,190,66,52688,91737,62912,30564,95348,159,1,1,887,290,0.89,0.58,0.88,0.88,37693,54165,25,101,361,380,212,0.5,0.24,0.2,984,443,0.76,0.99,0.58,0.09,0.75,0.4,0.31,0.32,shellcode_detect,54
211,tcp,ftp,S0,2130,2267,0,146,19,100,190,1,22,89,47060,20952,65350,86621,46567,517,1,0,487,648,0.48,0.39,0.99,0.15,26966,56401,75,119,110,99,353,0.84,0.58,0.54,819,801,0.04,0.17,0.44,0.43,0.19,0.87,0.1,0.78,suspicious_filename_detect,52
16,udp,supdup,OTH,1892,65,1,117,77,91,10,0,167,30,33469,42026,66771,70394,81608,412,0,1,374,674,0.54,0.12,0.91,0.28,29884,60879,42,59,113,65,226,0.16,0.71,0.36,170,102,0.59,0.6,0.7,0.98,0.18,0.65,0.82,0.59,normal,91
208,icmp,sunrpc,S1,1462,27,1,121,224,46,182,0,144,100,40711,92313,90777,87636,4913,226,1,1,774,366,0.14,0.26,0.79,0.49,20118,15808,19,377,110,103,359,0.45,0.43,0.95,581,946,0,0.06,0.6,0.12,0.93,0.64,0.77,0.16,shellcode_detect,56
89,icmp,netstat,S0,2596,211,0,23,114,1,44,1,98,80,20286,22034,39566,19801,24563,647,0,1,487,600,0.35,0.75,0.27,0.05,45415,3550,3,425,343,321,241,0.16,0.65,1,915,723,0.69,0.91,0.57,0.17,0.33,0,0.89,0.09,normal,87
162,tcp,login,S1,2612,1991,1,32,37,136,147,1,62,142,36534,66414,13337,8548,32766,262,0,1,555,285,0.43,0.72,0.95,0.8,57081,29484,69,221,35,388,371,0.1,0.71,0.07,172,575,0.87,0.34,0.83,0.19,0.41,0.17,0.2,0.87,successful_admin,90
229,tcp,eco_i,REJ,2040,2159,0,56,34,90,3,1,240,79,88965,17408,30233,61797,23503,94,0,1,535,425,0.89,0.36,1,0.42,13836,5614,96,351,167,336,10,0.17,0.01,0.96,184,460,0.88,0.04,0.43,0.63,0.24,0.59,0.12,0.69,normal,25
182,tcp,sunrpc,SH,143,1195,0,21,200,157,199,0,64,78,251,87418,20958,54709,35625,341,1,1,139,161,0.54,0.36,0.75,0.5,40275,14774,70,176,296,135,153,0.48,0.05,0.42,368,80,0.82,0.88,0.83,0.39,0.53,0.8,0.79,0.27,shellcode_detect,48
213,icmp,netbios_dgm,S0,3123,2884,0,99,32,111,0,0,204,37,19177,53100,35689,39924,2701,341,1,1,411,452,0.79,0.89,0.31,0.28,61903,49977,85,287,58,238,13,0.06,0.38,0.31,822,61,0.61,0.01,0.69,0.46,0.75,0.43,0.24,0.42,normal,93
46,tcp,ecr_i,RSTR,607,2548,1,59,229,76,171,1,159,115,52186,84628,863,511,49417,311,0,1,923,247,0.88,0.87,0.75,0.53,21292,60513,50,45,211,226,9,0.67,0.02,0.44,928,154,0.36,0.87,0.2,0.52,0.38,0.27,0.75,0.71,shellcode_detect,86
105,tcp,shell,S0,1140,1866,1,177,14,10,44,0,31,118,85485,66017,97535,24254,11001,121,1,1,567,631,0.8,0.82,0,0.84,6410,34125,76,389,111,139,92,0.75,0.7,0.82,387,924,0.95,0.38,0.79,0.19,0.35,0.59,0.76,0.97,successful_admin,73
226,icmp,iso_tsap,S2,533,3004,1,58,161,61,106,0,172,104,26565,64738,64838,57947,29522,155,0,0,734,878,0.47,0.58,0.29,0.55,37099,41883,96,98,32,224,128,0.69,0.58,0.72,387,45,0.69,0.43,0.06,0.46,0.35,0.03,0.59,0.73,normal,52
5,udp,red_i,SF,2450,2439,1,203,141,0,109,1,95,128,71193,46942,87227,25347,466,444,0,0,893,540,0.93,0.33,0.31,0.53,31928,6102,44,344,108,196,276,0.81,0.38,0.13,557,549,0.3,0.73,0.25,0.16,0.75,0.23,0.09,0.97,normal,42
113,icmp,ecr_i,S0,745,2733,0,166,223,128,58,0,88,105,96502,85594,44840,69530,1393,43,1,1,230,913,0.76,0.66,0.87,0.31,50811,35653,59,202,263,269,67,0.22,0.98,0.76,519,791,0.11,0.92,0.11,0.38,0.46,0.71,0.59,0.41,unusual_client_port_connection,5
24,udp,IRC,RSTO,1804,472,0,216,138,218,161,1,152,110,19465,32978,38891,50404,67440,626,1,1,911,426,0.48,0.9,0.28,0.53,7772,26350,81,11,34,104,255,0.33,0.02,0.42,448,185,0.63,0.57,0.8,0.85,0.21,1,0.39,0.21,normal,43
46,icmp,whois,REJ,2976,1028,1,231,151,10,20,1,234,150,48326,13758,34138,31372,91898,102,1,1,997,62,0.71,0.38,0.72,0.64,23666,14138,76,434,240,371,444,0.14,0.56,0.54,135,455,0.45,0.31,0.53,0.83,0.4,0.87,0.83,0.79,successful_recon_largescale,13
17,tcp,rje,S0,1842,2775,0,163,243,111,254,1,238,42,32324,77712,52752,57989,5149,496,0,1,199,574,0.06,0.84,0.03,0.62,43119,50649,40,10,321,231,188,0.64,0.28,0.36,796,926,0.25,0.57,0.97,0.55,0.52,0.9,0.04,0.77,icmp_event,51
101,tcp,name,SH,1515,626,1,110,99,198,148,1,253,25,12,12007,29113,38712,10326,640,0,1,502,638,0.73,0.98,0.11,0.16,46525,15962,97,433,146,233,171,0.63,0.15,0.71,361,915,0.82,0.55,0.21,0.58,0.99,0.04,0.07,0.79,bad_unknown,64
13,icmp,urp_i,S1,404,2104,1,192,97,106,145,1,146,118,51271,78109,32802,13016,44516,560,1,1,429,807,0.2,0.07,0.78,0.77,62263,76,37,146,62,1,316,0.28,0.06,0,376,57,0.97,0.89,0.14,0.95,0.53,0.19,0.19,0.93,normal,0
210,tcp,hostnames,S3,486,211,0,63,5,152,28,1,52,142,48114,72417,52028,78878,78936,373,0,1,584,731,0.23,0.69,0.58,0.22,33219,58379,96,3,7,111,307,0.79,0.67,0.5,59,212,0.67,0.95,0.56,0.87,0.67,0.04,0.13,0.88,normal,98
84,udp,exec,RSTOS0,3124,8,1,246,253,76,94,0,199,44,7200,81596,68279,94678,44277,671,0,1,942,377,0.82,0.41,0.03,0.06,15938,20034,65,325,83,154,70,0.97,0.86,0.66,593,929,0.55,0.26,0.45,0.13,0.14,0.24,0.29,0.27,non_standard_protocol,83
191,icmp,Z39_50,RSTR,1131,2060,1,77,100,2,246,1,128,97,49823,37416,1054,47021,7097,405,1,1,597,393,0.23,0.46,0.71,0.09,18190,6216,87,242,241,211,351,0.43,0.68,0.59,558,13,0.59,0.55,0.49,0.98,0.77,0.64,0.82,0.87,shellcode_detect,75
109,udp,remote_job,RSTOS0,3217,1127,1,189,48,247,229,1,42,114,82177,59065,35238,67852,98780,210,1,0,267,42,0.05,0.47,0.97,0.41,17994,45629,4,330,313,71,145,0.79,0.11,0.2,625,131,0.33,0.9,0.3,0.53,0.64,0.9,0.02,0.58,web_application_activity,82
168,icmp,ftp,S3,2723,1552,1,192,226,202,141,0,104,39,2323,12610,12255,12470,89750,305,0,0,894,809,0.95,0.88,0.71,0.95,36477,38441,0,197,117,360,71,0.8,0.5,0.51,319,201,0.61,0.8,0.85,0.82,0.09,0.56,0.07,0.87,inappropriate_content,98
206,icmp,time,RSTO,2233,1813,1,7,88,59,152,0,215,130,81184,65014,21867,54403,23163,316,1,0,486,609,0.88,0.83,0.16,0.68,57235,51717,91,120,324,2,211,0.53,0.54,0.89,50,264,0.03,0.53,0.08,0.44,0.29,0.51,0.42,0.89,denial_of_service,72
205,tcp,ecr_i,S2,543,1801,1,164,112,90,106,0,63,54,42371,33093,83568,19274,31551,324,1,1,796,14,0.74,0.8,0.36,0.66,38615,26848,41,334,298,236,174,0.09,0.57,0.11,736,133,0.53,0,0.71,0.32,0.62,0.98,0.71,0.02,successful_recon_largescale,7
235,icmp,http_443,S3,638,875,0,52,19,117,17,0,156,37,38582,68322,54506,27501,88732,662,1,1,844,709,0.8,0.26,0.91,0.67,15578,39425,85,31,106,196,256,0.27,0.32,0.28,337,66,0.49,0.99,0.91,0.42,0.17,0.99,0.84,0.5,malware,22
160,icmp,nntp,S2,1766,585,1,11,76,39,30,1,161,20,31975,78058,43250,44340,77485,313,1,0,704,195,0.41,0.33,0.48,0,63751,40789,85,314,212,297,411,0.56,0.59,0.81,684,602,0.25,0.29,1,0.46,0.72,0.3,0.07,0.01,shellcode_detect,52
187,udp,sunrpc,OTH,2710,3222,0,100,106,214,119,0,235,56,64838,77100,33263,66856,71145,430,1,1,518,114,0.04,0.81,0.17,0.65,35521,23284,45,10,343,339,230,0.16,0.03,0.15,127,205,0.43,0.41,0.77,0.43,0.99,0.02,0.32,0.21,protocol_command_decode,56
114,tcp,csnet_ns,RSTOS0,351,2595,1,36,208,231,199,1,50,149,36025,89544,2432,91462,48323,264,0,1,506,78,0.1,0.59,0.6,0.16,9406,30232,47,363,32,94,443,0.81,0.33,0.68,1,11,0.28,0.45,0.87,0.68,0,0.61,1,0.75,protocol_command_decode,69
105,tcp,klogin,RSTOS0,418,1868,0,252,96,56,2,0,148,109,69349,39645,41559,87602,76149,182,1,0,964,349,0.93,0.56,0.41,0.64,1964,53831,41,302,23,132,457,0.54,0.33,0.05,704,493,0.94,0.57,0.09,0.91,0.93,0.01,0.16,0.46,protocol_command_decode,94
73,tcp,Z39_50,S1,162,933,0,94,55,218,69,1,245,133,69670,97574,91319,52140,68382,52,0,1,946,462,0.84,0.73,0.08,0.19,7574,49151,72,227,16,106,39,0.33,0.5,0.63,551,831,0.53,0.23,0.05,0.36,0.87,0.35,0.65,0.54,rpc_portmap_decode,71
73,udp,shell,S1,303,269,1,160,39,47,251,0,27,91,44904,45685,52598,88175,6897,267,1,1,710,894,0.25,0.71,0.44,0.41,16438,15568,86,191,301,6,18,0.25,0.1,0.51,557,815,0.77,0.34,0.98,0.53,0.45,0.56,0.23,0.89,system_call_detect,23
70,tcp,efs,REJ,1373,419,0,11,198,249,222,0,54,76,24214,8184,15697,6282,72856,501,1,1,94,413,0.07,0.96,0.13,0.46,24766,54549,63,2,170,190,451,0.9,0.6,0.37,18,825,0.77,0.67,0.92,0.47,0.91,0.81,0.45,0.99,malware,80
196,udp,klogin,S2,2697,1816,0,108,148,71,39,1,165,145,60764,12131,90423,26932,45761,159,1,1,55,759,0.82,1,0.34,0.35,38929,21534,44,228,10,386,60,0.48,0.19,0.34,454,554,0.24,0.91,0.12,0.13,0.79,0.37,0.71,0.81,bad_unknown,57
129,udp,domain_u,S1,300,577,0,159,58,68,108,0,85,49,35228,49993,12540,97359,95487,523,1,1,598,160,0.11,0.83,0.06,0.51,23330,53305,22,346,206,368,7,0.5,0.09,0.51,94,111,0.54,0.9,0.22,0.69,0.53,0.9,0.64,0.83,normal,84
105,tcp,pop_3,S0,527,2420,0,177,5,243,255,0,74,148,54330,72372,67038,75050,7272,694,0,0,525,704,0.8,0.93,0.86,0.99,51051,30270,97,47,147,127,226,0.72,0.48,0.27,907,793,0.75,0.72,0.85,0.28,0.18,0.24,0.95,0.09,icmp_event,70
205,udp,supdup,RSTO,2372,1089,1,3,233,2,186,1,124,23,18023,46161,68813,59589,12037,196,1,0,844,219,0.89,0.61,0.37,0.44,22546,25370,21,318,343,262,311,0.94,0.97,0.58,220,576,0.08,0.06,0.46,0.23,0.67,0.76,0.74,0.18,protocol_command_decode,83
178,tcp,tftp_u,S2,1490,930,1,3,85,80,163,0,220,71,57229,59247,55521,57726,34359,265,0,1,535,896,0.97,0.93,0.05,0.52,29918,30722,10,195,340,134,164,0.4,0.26,0.14,469,63,0.59,0.56,0.01,0.05,0.82,0,0.09,0.21,bad_unknown,27
62,icmp,systat,S2,713,2964,0,14,122,57,71,1,135,5,23733,95557,74086,13176,45479,307,1,1,706,769,0.95,0.97,0.81,0.39,20588,2240,45,406,129,92,54,0.42,0.87,0.17,528,662,0.04,0.79,0.69,0.82,0.91,0.76,0.57,0.22,suspicious_filename_detect,91
200,tcp,http_2784,S2,821,1447,0,224,18,35,238,0,207,108,52513,94803,22079,22318,97441,271,1,1,141,276,0.68,0.91,0.82,0.06,37847,10700,91,82,203,358,323,0.72,0.85,1,745,950,0.38,0.17,0.42,0.63,0.09,0.12,0.08,0.59,successful_recon_limited,69
221,icmp,csnet_ns,OTH,1438,3067,1,167,160,32,5,1,24,95,41929,35837,54030,24448,13549,506,1,0,33,831,0.02,0.74,0.08,0.02,33345,56987,58,458,233,342,337,0.4,0.9,0.17,141,89,0.48,0.75,0.69,0.86,0.12,0.38,0.87,0.87,normal,49
204,icmp,klogin,SH,2865,2745,1,176,149,53,147,1,120,50,98786,81402,74722,50589,73808,364,0,1,295,418,0.42,0.24,0.94,0.92,44917,5846,72,475,215,208,482,0.05,0.28,0.36,521,291,0.44,0.41,0.36,0.04,0.51,0.81,0.74,0.17,network_scan,53
126,icmp,imap4,RSTO,2551,841,0,153,186,218,72,0,66,125,9693,73835,78363,46930,14236,649,1,0,525,258,0.22,0.17,0.34,0.64,14590,60411,25,63,378,214,23,0.97,0.43,0.05,504,511,1,0.96,0.58,0.36,0.93,0.54,0.24,0.46,malware,32
228,udp,ctf,SH,2413,950,1,108,39,128,167,1,54,80,17175,8042,53028,62627,50465,184,1,0,505,169,0.03,0.78,0.3,0.65,51709,34547,27,149,196,183,213,0.88,0.02,0.96,947,303,0.68,0.49,0,0.86,0.73,0.38,0.54,0.5,policy_violation,55
16,icmp,name,SF,1041,1857,1,164,195,66,142,1,166,7,42674,55163,82195,23136,33547,424,1,0,152,90,0.04,0.32,0.15,0.93,44567,8236,36,153,372,376,491,0.01,0.77,0.41,871,648,0.46,0.17,0.41,0.59,0.73,0.86,0.74,0.98,normal,100
174,udp,efs,S3,1194,701,0,187,219,67,132,0,191,104,71084,57581,12943,12567,47191,56,1,1,316,840,0.25,0.8,0.06,0.28,63675,19168,44,109,33,318,248,0.14,0.64,0.17,133,370,0.25,0.41,0.26,0.08,0.03,0.63,0.82,0.97,shellcode_detect,99
84,tcp,courier,SH,182,1195,0,202,131,9,55,1,111,153,59913,56211,87654,75731,79236,470,1,0,793,281,0.38,0.87,0.07,0.88,27176,52977,63,302,206,128,341,0.63,0.17,0.52,634,943,0.19,0.01,0.08,1,0.05,0.44,0.33,0.8,network_scan,67
60,icmp,pm_dump,S2,3062,2325,1,188,65,130,117,1,41,144,48678,46473,34065,32551,93346,501,0,1,505,238,0.74,0.58,0.14,0.31,25706,23308,46,2,342,79,423,0.26,0.2,0.44,119,802,0.49,0.03,0.69,0.08,0.73,0.11,1,0.62,system_call_detect,21
107,tcp,name,S3,463,2933,1,117,83,246,239,0,32,106,9090,68249,72139,71551,12301,68,0,0,221,354,0.62,0.23,0.49,0.92,3752,62353,100,39,179,81,393,0.67,0.07,0.35,637,241,0.01,0.4,0.15,0.55,0.84,0.69,0.92,0.65,successful_dos,49
67,tcp,finger,S3,1402,2579,1,81,165,249,249,1,238,125,64014,61240,10017,31715,53664,57,1,1,406,318,0.25,0.49,0.04,0.96,54815,53465,16,123,88,124,183,0.66,0.63,0.07,572,336,0.44,0.85,0.34,0.68,0.78,0.9,0.41,0.32,misc_attack,55
20,icmp,rje,OTH,1506,132,0,89,119,136,224,0,132,63,62470,67125,69361,75243,84349,221,1,1,119,992,0,0.21,0.84,0.71,61447,602,27,153,202,80,56,0.26,0.95,0.56,128,561,0.11,0.67,0.61,0.82,0.13,0.66,0.15,0.6,protocol_command_decode,68
171,tcp,discard,S0,3223,2544,0,57,242,0,45,0,114,27,89680,36640,33054,93349,37358,369,0,0,271,733,0.11,0.17,0.37,0.17,30896,16994,2,158,77,105,339,0.9,0.37,0.49,154,671,0.45,0.95,0.89,0.44,0.28,0.83,0.65,0.4,successful_recon_limited,25
21,tcp,uucp,RSTO,1659,899,0,202,93,206,82,1,198,3,5040,25023,47294,82719,62245,202,1,1,258,119,0.58,0.88,0.02,0.8,26708,37041,27,273,64,266,393,1,0.68,1,515,447,0.03,0.05,0.45,0.99,0.21,0.45,0.41,0.79,misc_attack,49
35,tcp,whois,S0,2541,1615,1,169,239,130,26,0,84,153,47969,40466,48363,85146,90910,518,0,0,63,64,0.66,0.94,0.91,0.11,63131,2260,48,38,130,172,13,0.61,0.98,0.47,957,788,0.32,0.32,0.97,0.24,0.88,0.87,0.72,0.75,suspicious_login,46
160,udp,login,OTH,3085,2126,1,93,188,174,241,1,254,144,63633,65838,49932,54912,32629,575,1,1,512,483,0.48,0.09,0.92,0.46,19062,39827,17,230,205,204,451,0.53,0.95,0.28,571,980,0.83,0.99,0.1,0.32,0.37,0.38,0.57,0.78,normal,23
219,icmp,echo,RSTOS0,2853,471,0,202,247,110,112,1,32,126,54258,2520,83946,24145,8917,61,0,0,605,20,0.75,0.72,0.73,0.36,40045,31010,32,69,43,358,16,0.88,0.81,0.37,897,387,0.08,0.88,0.15,0.89,0.84,0.45,0.99,0.55,protocol_command_decode,11
54,icmp,X11,REJ,2507,3003,1,133,242,108,82,0,45,114,16272,22903,47690,31566,72884,92,0,0,858,281,0.23,0.45,0.88,0.95,23998,46237,4,479,368,388,208,0.57,0.31,1,257,934,0.71,0.81,0.27,0.01,0.48,0.09,0.63,0.18,icmp_event,48
28,tcp,X11,RSTOS0,1319,1745,0,206,214,197,130,0,133,123,58780,57205,29382,8427,47766,478,0,1,467,377,0.07,0.82,0.18,0.59,42923,38745,81,203,174,265,61,0.58,0.37,0.95,499,168,0.33,0.31,0.52,0.27,0.95,0.51,0.4,0.41,network_scan,63
214,udp,ldap,RSTOS0,1505,2220,0,27,134,192,231,1,4,86,21685,89508,82674,55269,94451,148,0,0,17,858,0.78,0.73,0.26,0.55,18978,56733,44,74,82,214,193,0.8,0.71,0.92,809,142,0.04,0.25,0.59,0.06,0.46,0.53,0.01,0.61,normal,57
215,udp,domain_u,OTH,1888,1964,1,235,239,190,254,0,206,138,68685,38703,70839,65999,1747,643,0,0,527,937,0.44,0.82,0.24,0.21,27198,19552,9,111,118,76,53,0.22,0.74,0.65,955,276,0.98,0.35,0.01,0.57,0.83,0.05,0.69,0.25,malware,42
245,tcp,Z39_50,SH,224,2592,1,95,68,42,6,0,107,11,8196,34235,54324,82480,22906,6,0,0,898,8,0.66,0.9,0.63,0.53,56535,23180,5,498,360,375,115,0.7,0.03,0.99,249,590,0.23,0.58,0.49,0.11,0.87,0.97,0.51,0.25,shellcode_detect,71
216,udp,shell,SH,2541,2561,1,10,94,16,43,0,172,19,97293,92237,60764,23266,7048,562,0,1,584,305,0.5,0.79,0.03,0.37,27224,42575,63,437,155,87,397,0.81,0.21,0.14,870,676,0.25,0.33,0.85,0.01,0.9,0.01,0.13,0.66,shellcode_detect,97
27,icmp,telnet,S0,1883,2831,1,125,199,237,42,1,31,40,69388,61261,29467,8733,32490,674,1,0,488,915,0.4,0.83,0.84,0.52,3452,16932,14,314,141,140,79,0.87,0.24,0.44,978,260,0.27,0.41,0.67,0.91,0.79,0.96,0.65,0.42,protocol_command_decode,60
198,udp,nntp,S0,1112,964,1,101,46,225,60,1,8,116,29812,47139,21512,41381,37019,585,1,0,952,752,0.34,0.26,1,0.06,9942,11038,32,378,298,187,14,0.25,0.09,0.87,618,734,0.11,0.77,0.96,0.87,0.56,0.17,0.72,0.02,tcp_connection,47
145,udp,netbios_dgm,S2,1713,192,0,34,234,96,33,0,99,1,95312,92773,25244,84110,6945,647,1,0,368,248,0.24,0.42,0.67,0.3,43983,5342,90,456,80,283,217,0.89,1,0.58,597,280,0.48,0.3,0.56,0.18,1,0.37,0.67,0.4,attempted_user,1
156,icmp,nnsp,S1,651,2581,1,237,89,110,123,1,5,132,41366,11435,61376,36882,64472,508,1,1,417,932,0.42,0.06,0.61,0.68,43057,50697,86,483,40,86,48,0.89,0.4,0.28,682,803,0.6,0.79,0.78,0.87,0.89,0.92,0.15,0.22,successful_recon_limited,96
10,tcp,auth,S0,737,22,1,26,253,228,60,0,25,60,94091,57350,49690,59471,28779,698,1,0,483,471,0.45,0.55,0.07,0.63,7614,8832,36,131,6,119,315,0.17,0.19,0.93,639,381,0.17,0.16,0.25,0.87,0.85,0.42,0.6,0.68,default_login_attempt,26
185,udp,nnsp,S1,194,1685,1,170,178,233,207,1,206,80,69170,32205,16275,24560,38109,515,0,1,493,773,0.07,0.43,1,0.65,34275,22336,15,299,33,114,430,0.6,0.44,0.86,915,74,0.39,0.07,0.51,0.09,0.27,0.71,0.49,0.17,denial_of_service,77
165,tcp,IRC,RSTR,1744,561,1,146,50,82,58,0,54,147,28246,45943,43250,19507,76228,221,1,1,337,859,0.26,0.63,0.79,0.04,5668,1566,11,133,242,214,258,0.92,0.18,0.97,328,220,0.91,0.34,0.25,0.21,0.77,0.83,0.78,0.07,normal,82
52,udp,red_i,OTH,758,1292,1,247,103,153,114,0,109,4,66544,90374,73399,95269,60734,638,0,1,358,281,0.16,0.61,0.44,0.68,34893,28224,30,277,383,197,281,0.11,0.31,0.23,106,492,0.19,0.38,0.83,0.3,0.45,0.85,0.03,0.96,malware,26
64,icmp,pm_dump,S3,1817,1124,1,241,26,16,16,0,250,105,25020,40766,9702,52013,35238,222,0,0,281,297,0.76,0.88,0.44,0.16,44009,170,33,49,335,33,375,0.67,0.3,0.41,57,579,0.94,0.73,0.41,0.7,0.7,0.08,0.35,0.87,network_scan,17
165,tcp,kshell,SH,2630,519,0,202,57,201,84,0,58,18,36910,60764,10038,81429,15548,6,0,1,385,566,0.15,0.26,0.11,0.1,36643,13972,93,57,7,23,351,0.93,0.96,0.69,782,3,0.12,0.98,0.55,0.73,0.26,0.56,0.14,0.9,inappropriate_content,78
123,tcp,daytime,S2,626,2028,0,232,167,182,48,1,203,9,82819,63908,79015,22040,91610,353,0,1,21,356,0.64,0.35,0.77,0.65,47521,31224,39,162,166,79,12,0.49,0.37,0.1,726,984,0.51,0.53,0.61,0.62,0.49,0.89,0.99,0.34,bad_unknown,23
245,tcp,iso_tsap,SH,997,3237,1,224,32,134,246,0,29,128,86572,12816,90568,5149,20816,262,0,0,684,859,0.19,0.94,1,0.87,58445,7962,32,30,132,16,431,0.5,0.92,0.34,611,925,0.74,0.22,1,0.47,0.63,0.93,0.55,0.27,shellcode_detect,53
75,icmp,Z39_50,SF,3045,2053,0,176,150,108,130,0,37,143,33756,53952,95851,74426,29967,184,0,1,30,691,0.23,0.76,0.16,0.22,60867,28744,70,27,192,201,415,0.33,0.82,0.45,589,772,0.83,0.15,0.33,0.91,0.58,0.7,0.32,0.9,bad_unknown,20
119,tcp,iso_tsap,RSTOS0,1564,2533,0,15,117,183,69,0,69,155,89983,85739,63751,71375,65859,400,0,1,536,804,0.36,0.91,0.27,0.7,41815,17360,36,329,375,125,468,0.17,0.58,0.24,370,715,0.8,0.81,0.62,0.36,0.12,0.74,1,0.02,successful_admin,72
149,icmp,discard,OTH,2738,873,0,249,170,222,175,1,127,45,75598,19610,64345,56269,85340,527,1,0,3,299,0.79,0.02,0.16,0.81,29514,7752,88,24,189,11,233,0.59,0.13,0.61,788,131,0.97,0.82,0.9,0.18,0.96,0.61,0.53,0.17,successful_user,32
224,icmp,http_2784,REJ,1339,1338,0,132,86,155,64,0,121,151,375,15684,97314,10574,10132,22,1,1,163,809,0.72,0.58,0.36,0,23892,8734,51,116,90,34,309,0.32,0.91,0.77,823,927,0.62,0.48,0.67,0.48,0.39,0.74,0.64,0.17,normal,25
178,icmp,nnsp,S3,143,2485,1,173,156,2,233,0,148,41,52270,76498,50259,71006,87433,270,0,0,16,660,0.24,0.81,0.04,0.33,39649,40871,94,368,65,311,253,0.33,0.16,0.25,204,161,0.91,0.3,0.35,0.62,0.65,0.36,0.43,0.22,successful_user,37
73,icmp,nntp,REJ,1827,923,1,55,99,45,238,1,173,66,2380,30264,92022,7491,85022,365,1,1,701,736,0.39,0.97,0.62,0.04,41291,40853,87,334,238,230,296,0.45,0.32,0.4,466,616,0.89,0.09,0.41,0.23,0.19,0.26,0.08,0.33,normal,56
63,udp,ldap,S1,2457,1011,0,239,48,128,213,0,241,141,79254,22654,77143,57935,39657,673,1,0,557,290,0.63,0.75,0.21,0.29,27772,56335,66,367,95,232,157,0.4,0.09,0.18,807,461,0.84,0.56,0.79,0.62,0.83,0.7,0.43,0.32,protocol_command_decode,43
236,icmp,urp_i,SF,3049,1333,1,101,125,125,106,0,8,148,50710,11628,21091,42659,3086,475,0,1,804,701,0.28,0.13,0.02,0.77,37143,60223,63,281,20,306,160,0.38,0.09,0.48,515,7,0.83,0.72,0.71,0.15,0,0.98,0.53,0.92,icmp_event,81
40,tcp,login,SF,426,273,0,116,82,255,201,0,55,18,97453,44149,7148,13237,64024,664,0,0,54,747,0.22,0.7,0.44,0.48,35227,32953,82,437,140,218,409,0.71,0.63,0.51,131,302,0.8,0.44,0.23,0.88,0.84,0.96,0.94,0.45,icmp_event,68
181,udp,tftp_u,S2,63,841,0,71,188,135,144,0,247,69,75895,33111,20119,81762,89908,303,0,0,787,289,0.54,0.39,0.91,0.07,10962,16742,95,190,384,346,413,0.62,0.61,0.84,47,672,0.81,0.61,0.42,0.34,0.03,0.53,0.84,0.56,inappropriate_content,5
84,icmp,ftp,OTH,3038,2913,1,178,160,32,246,0,240,117,58492,22679,42453,36701,74850,687,1,1,105,607,0.68,0.91,0.83,0.97,18386,20592,33,128,24,361,81,0.89,0.14,0.77,75,893,0.98,0.43,0.65,0.76,0.02,0.14,0.33,0.82,normal,71
100,tcp,whois,S3,2029,2652,1,221,44,131,25,1,136,109,4119,63981,94115,23951,61821,404,0,0,705,938,0.56,0.96,0.84,0.88,28358,6616,51,157,205,180,193,0.82,0.88,0.94,723,20,0.94,0.83,0.58,0.59,0.68,0.73,1,0.29,successful_admin,59
214,tcp,harvest,RSTOS0,1198,925,0,246,77,113,178,1,110,105,12510,29091,51222,33581,90059,45,1,1,11,463,0.27,0.08,0.32,0.94,27664,37403,12,197,218,178,208,0.81,0.28,0.75,627,790,0.62,0.48,0.44,0.69,0.88,0.16,0.27,0.73,misc_activity,25
77,icmp,auth,RSTR,1065,2922,0,13,143,73,155,1,153,66,78136,61346,52698,57514,55808,181,1,0,274,791,0.51,0.96,0,0.52,2506,51379,77,97,67,333,271,0.43,0.85,0.5,956,379,0,0.19,0.62,0.3,0.11,0.42,0.89,0.96,system_call_detect,100
21,udp,ntp_u,S0,97,1071,0,226,203,26,133,0,135,17,14670,70285,41499,42423,54148,393,0,0,809,452,0.3,0.51,0.79,0.27,28210,58817,72,477,206,185,495,0.97,0.94,0.2,723,966,0.97,0.97,0.86,0.37,0.27,0.67,0.41,0.08,trojan_activity,71
117,tcp,harvest,RSTR,2112,881,0,226,196,195,80,0,36,1,30682,30458,36425,36322,31072,486,0,0,51,793,0.22,0.48,0.02,0.05,44073,6570,25,96,253,277,164,0.61,0.74,0.26,981,443,0.25,0.59,0.7,0.18,0.23,0.3,0.69,0.51,shellcode_detect,29
198,tcp,ssh,S2,1110,3060,1,93,22,153,40,0,169,12,14818,85255,86221,25714,81653,313,1,1,448,361,0.02,0.21,0.49,0.58,44335,18448,37,57,85,136,448,0.27,0.92,0.41,867,580,0.04,0.81,0.64,0.62,0.35,0.14,0.12,0.67,unknown,43
44,tcp,bgp,S0,1973,1874,0,48,243,252,13,1,56,42,78869,81326,61546,14218,64178,610,1,1,770,312,0.4,0.43,0.5,0.09,46355,60881,84,313,241,202,64,0.3,0,0.65,695,365,0.17,0.08,0.4,0.7,0.51,0,0.98,0.54,system_call_detect,52
43,udp,kshell,S3,1311,3045,0,127,17,70,17,0,41,20,43565,44467,37543,94191,94379,636,0,0,262,837,0.06,0.06,0.94,0.49,31686,35957,70,65,365,272,278,0.34,0.37,0.64,669,974,0.81,0.71,0.42,0.6,0.8,0.64,0.56,0.73,suspicious_filename_detect,10
201,udp,netbios_dgm,SH,2713,2012,0,109,55,202,86,0,203,83,8048,62918,38003,54585,39500,373,0,0,231,68,0,0.16,0.38,0.42,23168,25568,40,310,356,312,31,0.67,0.04,0.2,685,294,0.1,0.91,0.84,0.42,0.97,0.76,0.67,0.79,web_application_attack,29
118,icmp,whois,SF,2152,2192,0,124,222,237,194,1,37,33,65090,56384,13670,1635,59044,548,0,1,393,724,0.55,0.15,0.92,0.96,28068,5512,72,24,336,69,126,0.68,0.18,0.51,972,929,0.47,0.75,0.24,0.11,0,0.8,0.52,0.89,normal,14
177,icmp,IRC,S3,2916,124,0,241,220,176,236,0,21,36,8384,93191,77633,62530,65711,149,1,1,684,647,0.79,0.3,0.41,0.29,62873,37633,78,460,38,268,159,0.74,0.46,0.56,362,609,0.57,0.94,0.49,0.16,0.9,0.81,0.03,0.94,buffer_overflow,57
193,tcp,netbios_dgm,OTH,943,1692,1,35,151,73,117,0,1,149,8527,37628,11213,72151,96402,618,0,0,334,79,0.22,0.1,0.66,0.49,52487,5166,15,94,358,27,463,0.96,0.35,0.43,706,714,0.55,0.01,0.55,0.03,0.09,0.65,0.47,0.88,denial_of_service,59
86,udp,aol,S2,3163,2925,0,136,232,229,201,0,157,64,28970,77352,65896,39957,20846,431,1,1,63,384,0.8,0.03,0.59,0.62,39839,24588,34,325,200,376,163,0.53,0.84,0.59,584,663,0.23,0.55,0.67,0.15,0.57,0.03,0.95,0.48,shellcode_detect,18
125,udp,daytime,RSTR,2294,3049,1,225,73,168,92,0,198,17,43013,41693,23288,14494,80278,520,0,0,233,878,0.4,0.67,0.16,0.86,41195,5396,98,180,40,173,231,0.76,0.82,0.89,146,958,0.31,0.72,0.14,0.27,0.04,0.69,0.14,0.21,normal,28
78,udp,netbios_ssn,RSTO,1782,707,0,124,15,31,230,0,141,52,22349,28910,1475,22070,52904,68,1,1,27,903,0.9,0.13,0.09,0.79,43857,30052,29,132,112,352,91,0.37,0.85,0.81,697,288,0.47,0.47,0.1,0.98,0.47,0.8,0.33,0.86,network_scan,46
193,tcp,other,SF,354,1532,0,234,169,119,19,0,94,72,20095,8566,8966,68410,82074,567,1,1,123,941,0.35,0.39,0.32,0.25,11182,9400,4,190,73,20,53,0,0.5,0.84,707,870,0.25,0.44,0.46,0.4,0.91,0.81,0.08,0.21,successful_recon_limited,84
57,tcp,whois,RSTOS0,944,3198,1,244,183,26,197,0,140,81,27925,79960,77085,95521,41565,405,0,1,170,81,0.96,0.92,0.59,0.53,30424,58667,79,254,320,56,117,0.77,0.77,0.45,388,872,0.29,0.66,0.45,0.64,0.26,0.69,0.3,0.85,successful_dos,39
97,udp,uucp_path,RSTOS0,1552,1378,1,129,88,9,106,0,21,153,34556,30255,2468,44234,88069,427,0,1,734,139,0.79,0.63,0.03,0.61,19010,20978,77,460,67,99,96,0.32,0.03,0.15,951,849,0.43,0.87,0.54,0.45,0.65,0.59,0.7,0.53,icmp_event,27
129,tcp,ntp_u,SF,2428,2192,1,232,60,108,12,0,189,72,85003,10111,20698,54597,46457,423,1,1,341,730,0.98,0.62,0.19,0.46,45619,32270,17,321,8,30,117,0.59,0.07,0.29,255,255,0.76,0.7,0.18,0.44,0.18,0.94,0.8,0.18,shellcode_detect,64
52,icmp,shell,OTH,2883,1572,0,236,50,95,61,1,60,85,34695,93040,5443,5888,47275,651,1,1,35,373,0.06,0.65,1,0.86,39879,55041,67,91,177,137,410,0.7,0.13,0.14,956,10,0.94,0.78,0.24,0.9,0.22,0.52,0.95,0.6,suspicious_login,64
196,udp,netbios_ssn,OTH,95,2686,1,115,29,176,56,1,5,56,15690,58971,45234,88199,45312,627,0,1,460,766,0.67,0.22,0.19,0.65,52753,23192,36,370,310,221,478,0.88,0.23,0.82,511,263,0.51,0.78,0.82,0.08,0.95,0.3,0.11,0.5,system_call_detect,99
123,tcp,csnet_ns,RSTO,1947,335,0,18,122,43,110,1,95,138,36140,93685,50032,44476,66819,373,1,0,182,380,0.89,0.16,0.22,0.92,55735,45319,80,250,53,48,317,0.72,0.97,0.2,697,657,0.7,0.49,0.89,0.35,0.61,0.63,0.43,0.17,successful_admin,75
231,udp,auth,SH,494,2158,0,205,45,131,177,0,74,6,61049,72399,47475,68846,94145,85,0,0,745,163,0.74,0.2,0.78,0.05,59205,45811,53,150,4,340,342,0.89,0.48,0.7,711,130,0.64,0.8,0.75,0.69,0.92,0.34,0.41,0.68,icmp_event,44
186,udp,nnsp,RSTR,2612,2942,0,99,94,244,188,1,247,27,61306,83044,76013,14037,25908,319,1,0,998,900,0.9,0.02,0.14,0.21,18584,60957,92,153,105,1,198,0.52,0.33,0.58,608,225,0.68,0.73,0.93,0.07,0.47,0.01,0.87,0.31,successful_admin,12
157,icmp,domain_u,REJ,490,1118,1,177,124,105,72,1,205,84,28537,37764,99107,27562,6870,154,0,0,745,460,0.49,0.39,0.73,0,29354,31012,38,3,278,237,253,0.96,0.54,0.06,932,607,0.47,0.56,0.73,0.93,0.56,0.48,0.32,0.42,successful_user,54
10,tcp,http_2784,RSTO,1363,2869,0,243,181,124,144,1,242,0,68234,45340,9778,51507,13549,280,0,0,664,216,0.24,0.37,0.16,0.42,43289,31194,22,296,221,108,226,1,0.32,0.38,966,753,0.66,0.97,0.97,0.74,0.01,0.05,0.81,0.01,web_application_activity,36
112,tcp,netbios_ns,OTH,2188,2695,1,124,30,28,100,1,71,55,18471,50998,61643,80711,83510,3,0,1,111,99,0.93,0.28,0.56,0.5,19856,51183,1,428,194,126,390,0.68,0.12,0.76,283,28,0.47,0.67,0.37,0.3,0.98,0.16,0.81,0.38,normal,12
44,udp,whois,S1,2848,2296,0,107,85,85,115,0,20,144,82747,59980,85418,72499,66995,188,0,1,784,622,0.25,0.06,0.59,0.39,37307,45139,78,160,112,34,400,0.2,0.04,0.76,268,373,0.87,0.19,0.57,0.49,0.84,0.39,0.58,0.94,successful_admin,11
6,udp,urp_i,REJ,545,3001,0,203,120,77,229,0,245,146,89871,90765,77852,10377,98480,259,1,1,475,395,0.99,0.98,0.85,0.8,23192,44033,68,246,357,254,344,0.88,0.25,0.92,183,134,0.96,0.08,0.5,0.61,0.55,0.43,0.58,0.61,icmp_event,16
96,icmp,kshell,S3,839,2881,0,195,249,214,79,1,120,85,3595,54857,9048,57456,20477,247,0,0,447,826,0.37,0.62,0.98,0.78,39167,32676,20,426,52,240,439,0.65,0.09,0.28,251,891,0.34,0.36,0.13,0.9,0.18,0.71,0.24,0.18,suspicious_login,69
185,udp,vmnet,RSTR,1154,1671,1,219,50,93,15,1,54,74,47460,24669,69215,39951,63312,605,1,0,373,392,0.05,0.16,0.3,0.78,21290,20428,34,1,13,246,158,0.95,0.13,0.04,284,905,0.69,0.99,0.84,0.44,0.52,0.98,0.92,0.54,shellcode_detect,88
85,udp,other,SF,2448,274,1,97,22,57,34,1,49,34,88626,97268,83655,14624,25711,164,1,1,478,843,0.58,0.43,0.5,0.5,14346,24582,93,457,163,373,381,0.29,0.46,0.77,701,962,0.58,0.17,0.56,0.82,0.66,0.38,0.6,0.87,protocol_command_decode,65
64,icmp,exec,S1,339,1753,1,123,134,29,116,1,235,66,84970,24342,91259,28701,74526,638,1,1,604,416,0.49,0.31,0.44,0.62,62801,4550,63,469,261,125,62,0.14,0.65,0.08,466,204,0.04,0.79,0.97,0.11,0.43,0.3,0.47,0.39,successful_user,65
42,tcp,pop_2,SF,2488,1211,1,143,134,59,86,1,114,49,3462,34392,17099,44831,72236,633,1,1,509,390,0.38,0.61,0.59,0.42,52685,59971,53,75,209,119,452,1,0.45,0.14,732,900,0.17,0.68,0.62,0.57,0.57,0.98,0,0.31,icmp_event,30
122,icmp,nnsp,RSTR,1325,2305,1,217,7,23,55,0,48,136,91752,27662,73326,16675,81062,327,0,1,941,576,0.21,0.48,0.24,0.46,13868,36151,76,438,229,21,118,0.3,0.26,0.43,800,525,0.95,0.02,0.83,0.61,0.28,0.88,0.75,0.2,web_application_activity,8
211,icmp,sql_net,S2,2095,2221,0,231,119,242,79,0,15,31,21470,24990,19434,89265,61615,100,0,0,48,327,0.56,0.16,0.5,0.35,43693,21704,40,382,80,29,31,0.3,0.39,0.93,661,656,0.05,0.3,0,0.72,0.01,0.68,0.14,0.46,normal,56
18,udp,http_443,S2,1877,1700,0,224,141,102,157,0,177,42,45209,13085,602,38482,58229,271,0,1,578,19,0.03,0.84,0.7,0.28,41171,7542,21,148,91,188,226,0.4,0.3,0.54,886,581,0.18,0.03,0.83,0.02,0.5,0.99,0.88,0.3,web_application_activity,73
227,tcp,pop_2,RSTR,1325,873,0,165,126,44,117,0,220,130,72832,79457,11438,83047,54021,490,0,1,179,162,0.8,0.89,0.88,0.97,36011,40757,37,145,100,26,313,0.16,0.69,0.87,164,996,0.03,0.67,0.98,0.63,0.96,0.54,0.27,0.57,bad_unknown,93
32,icmp,discard,S1,1116,1992,0,141,109,172,81,1,39,84,90156,22155,57529,52846,32972,200,1,1,258,211,0.02,0.41,0.75,0.91,35259,58307,75,8,169,336,188,0.83,0.52,0.1,483,68,0.27,0.99,0.82,0.09,0.29,0.13,0.38,0.48,successful_user,63
15,udp,ecr_i,RSTOS0,1201,1416,0,129,64,29,72,1,191,26,32981,50644,61618,95769,57438,195,1,1,63,175,0.47,0.58,0.02,0.55,29710,46165,44,25,141,311,459,0.58,0.87,0.11,849,400,0.29,1,0.27,0.25,0.36,0.91,0.28,0.73,normal,21
109,icmp,http_8001,S1,3253,3026,0,229,168,44,54,1,54,17,47624,7715,3713,90244,50395,120,1,1,445,14,0.31,0.06,0.29,0.31,16036,55165,32,15,399,289,303,0.46,0.8,0.34,816,349,0.5,0.31,0.01,0.26,0.67,0.67,0.49,0.67,successful_recon_limited,48
92,icmp,ldap,S0,287,1058,0,2,143,163,180,1,227,24,25178,78479,57308,89977,69912,628,0,1,907,155,0.5,0.1,0.07,0.18,14476,19116,24,148,304,382,349,0.76,0.37,0.72,904,729,0.43,0.3,0.69,0.28,0.63,0.58,0.19,0.13,system_call_detect,74
129,udp,http,RSTO,811,2692,1,235,55,138,71,0,81,136,31218,32045,80802,75819,22603,452,0,1,478,863,0.75,0.36,0.03,0.02,56065,59635,86,485,208,191,160,0.47,0.95,0.33,488,348,0.41,0.02,0.05,0.98,0.76,0.56,0.93,0.36,normal,37
94,tcp,daytime,S2,1740,143,1,220,106,230,73,0,242,109,57953,52316,39712,69861,42865,425,1,0,518,329,0.74,0.83,0.64,0.38,50921,52103,48,289,118,76,248,0.73,0.73,0.72,996,177,0.82,0.26,0.59,0.97,0.35,0.23,0.07,0.78,attempted_recon,43
48,udp,urp_i,RSTR,2989,1785,0,77,18,66,82,0,197,97,27650,98413,41369,25487,46124,652,1,0,98,804,0.87,0.1,0.66,0.01,59607,48813,6,6,287,260,128,0.09,0.53,0.19,388,448,0.18,0.03,0.3,0.45,0.43,0.95,0.38,0.7,trojan_activity,88
110,icmp,netbios_ns,SF,2868,2949,0,102,195,167,132,0,198,38,55118,79206,2547,52576,78797,112,1,1,157,461,0.75,0.89,0.16,0.66,28454,2168,93,188,238,341,456,0.07,0.58,0.59,47,548,0.82,0.91,0.87,0,0.78,0.73,0.27,0.46,normal,84
177,icmp,gopher,REJ,591,561,1,31,52,83,16,0,164,9,20298,40963,87184,72423,37116,363,0,0,261,690,0.47,0.38,0.07,0.67,30256,5418,57,252,294,308,199,0.08,0.49,0.73,514,656,0.31,0.89,0.68,0.83,0.15,0.4,0.8,0.2,shellcode_detect,69
63,tcp,kshell,S2,2710,245,0,167,121,242,194,0,101,55,95351,25732,87899,38988,35192,415,0,0,790,702,0.44,0.02,0.59,0.21,11058,1896,16,265,380,57,287,0.66,0.53,0.29,70,386,0.54,0.09,0.83,0.57,0.78,0.59,0.94,0.79,successful_admin,37
15,tcp,kshell,RSTR,1520,1721,0,91,35,55,109,1,157,116,1281,46815,10162,29207,64672,508,1,1,637,300,0.35,0.88,0.45,0.26,50945,18748,28,31,374,246,177,0.33,0.71,0.54,103,830,0,0.02,0.95,0.85,0.93,0.56,0.76,0.33,icmp_event,35
193,icmp,vmnet,S0,2902,1291,0,5,105,143,27,0,209,5,33144,22339,78173,11747,38994,212,0,0,432,187,0.37,0.25,0.5,0.02,17918,44313,69,238,281,226,451,0,0.22,0.89,703,990,0.98,0.86,0.09,0.01,0.98,0.6,0.65,0.05,normal,72
244,icmp,domain_u,S0,2231,419,1,132,66,152,113,0,133,30,61282,51601,25562,27322,32951,648,0,1,705,676,0.43,0.16,0.51,0.69,19334,5306,41,235,139,173,395,0.08,0.06,0.19,988,239,0.67,0.14,0.93,0.96,0.28,0.95,0.92,0.8,misc_activity,24
178,tcp,Z39_50,SF,1527,2217,0,29,253,235,185,0,108,7,5543,97053,11092,38227,90892,450,1,0,726,930,0.16,0.08,0.44,0.6,19252,36397,61,426,231,218,149,0.29,0.4,0.71,607,844,0.73,0.54,0.42,0.26,0.6,0.51,0.09,0.64,suspicious_filename_detect,75
151,udp,echo,RSTO,3092,2066,0,25,125,231,185,0,165,86,1878,71175,87021,53334,92431,518,0,1,855,453,0.9,0.93,0.03,0.75,832,1490,13,55,196,78,407,0.46,0.4,0.34,572,247,0.96,0.53,0.47,0.98,0.15,0.81,0.85,0.62,normal,64
192,icmp,telnet,S1,813,783,1,212,39,208,227,0,124,14,3853,33487,22518,10005,65284,373,1,0,412,31,0.06,0.76,0.49,0.84,42845,44721,53,237,341,221,492,0.53,0.59,0.12,385,497,0.62,0.94,0.33,0.41,0.8,0.96,0.7,0.92,default_login_attempt,1
217,tcp,supdup,REJ,1423,2936,0,62,134,62,214,0,132,143,49214,8545,81162,22664,33932,687,1,0,389,469,0.49,0.66,0.84,0.61,62535,47317,8,130,247,148,386,0.71,0.66,0.52,355,395,0.66,0.07,0.56,0.33,0.61,0.69,0.23,0.13,successful_dos,76
187,udp,uucp,S3,2323,3085,0,29,43,164,84,0,160,0,14733,2156,53028,88944,71799,119,1,0,848,754,0.78,0.06,0.85,0.94,57469,30760,75,124,314,171,38,0.9,0.11,0.05,168,417,0.13,0.28,0.38,0.65,0.1,0.6,0.15,0.18,shellcode_detect,1
82,tcp,netbios_ssn,RSTO,1780,404,0,69,73,176,141,0,66,124,29367,6140,73568,96287,38370,431,1,1,852,419,0.68,0.88,0.26,0.04,57149,23670,90,489,69,108,149,0.63,0.77,0.43,376,663,0.03,0.92,0.64,0.84,0.31,0.53,0.85,0.76,normal,65
159,udp,printer,REJ,721,1948,1,129,34,127,21,0,165,137,1765,82353,4395,1920,2786,230,1,1,228,467,0.82,0.19,0.45,0.08,53073,44557,56,1,77,108,54,0.86,0.93,0.02,536,860,0.03,0.28,0.09,0.91,0.53,0.46,0.64,0.65,normal,28
103,icmp,tftp_u,REJ,55,374,0,117,186,124,81,1,71,123,73108,80950,26096,2708,43250,380,0,0,558,863,0.74,0.35,0.58,0.87,55227,34973,81,457,196,213,37,0.98,0.6,0.53,517,197,0.76,0.18,0.3,0.12,0.62,0.15,0.18,0.74,shellcode_detect,100
253,icmp,efs,S0,1871,2826,0,243,156,230,121,0,172,53,40699,17569,88629,40993,19289,203,1,0,679,20,0.46,0.26,0.45,0.77,49375,43229,70,411,246,241,304,0.99,0.24,0.08,924,274,0.21,0.01,0.4,0.35,0.24,0.64,0.82,0.08,attempted_recon,72
15,icmp,pop_3,OTH,484,824,0,212,164,59,237,0,77,155,11865,13473,43234,48281,98868,309,1,0,774,339,0.53,0.46,0.15,0.15,59689,61341,74,394,195,276,83,0.03,0.36,0.54,55,282,0.12,0.02,0.48,0.75,0.25,0.74,0.09,0.77,icmp_event,47
142,tcp,X11,RSTOS0,1453,2059,1,252,78,100,102,1,241,108,78091,1741,69821,25084,5858,667,1,1,854,558,0.47,0.95,0.53,0.33,59573,40865,56,441,368,57,471,0.15,0.17,0.33,167,283,0.91,0.03,0.54,0.24,0.09,0.14,0.31,0.06,normal,90
124,icmp,IRC,SF,2611,411,0,43,170,126,183,1,142,28,36364,14615,71200,96829,67104,355,1,1,414,888,0.11,0.1,0.73,0.77,28724,61973,68,419,175,176,188,0.19,0.99,0.95,373,838,0.7,0.31,0.44,0.88,0.35,0.33,0.46,0.62,successful_admin,87
117,icmp,ftp,REJ,1958,3062,0,180,43,216,148,1,60,52,23521,67525,19880,72514,44531,90,1,0,211,312,0.82,0.84,0.89,0.8,2936,18418,46,158,322,378,9,0.93,0.5,0.32,355,766,0.53,0.31,0.18,0.16,0.06,0.32,0.74,0.37,attempted_admin,2
68,icmp,red_i,SF,1014,1315,0,36,29,246,62,0,36,33,77470,64429,8199,94933,43138,233,0,0,680,750,0.72,0.25,0.93,0.74,20662,40223,80,2,218,240,252,0.82,0.64,0.92,227,218,0.01,0.1,0.46,0.84,0.04,0.87,0.23,0.74,normal,55
0,udp,Z39_50,REJ,981,1363,1,174,219,182,228,1,69,25,42111,64878,97414,36122,37515,401,1,0,626,407,0.38,0.96,0.85,0.47,51753,38025,57,92,33,66,36,0.95,0.84,0.22,629,75,0.19,0.5,0.92,0.16,0.96,0.38,0.07,0.61,successful_recon_limited,14
56,udp,hostnames,S2,3209,3154,1,182,197,165,220,0,84,135,83668,35038,42892,11931,51525,500,0,1,551,534,0.36,0.71,0.15,1,45075,6954,30,77,164,117,456,0.12,0.18,0.79,500,606,0.56,0.42,0.64,0.25,0.04,0.76,0.73,0.9,successful_user,58
91,tcp,shell,SF,2632,1268,1,64,239,7,129,1,8,35,70212,84179,84831,60619,32669,541,0,0,478,203,0.08,0.1,0.97,0.38,30128,55865,54,2,56,121,66,0.09,0.14,0.81,94,926,0.18,0.13,0.79,0.88,0.2,0.57,0.41,0.54,web_application_activity,31
146,icmp,rje,S1,1105,2733,1,186,94,32,12,0,226,66,44398,79727,95042,91101,99186,471,1,0,522,623,0.83,0.98,0.98,1,23592,7996,24,46,36,156,156,0.48,0.48,0.56,818,771,0.56,0.33,0.79,0.11,0.71,0.66,0.63,0.8,bad_unknown,91
30,tcp,netbios_ssn,RSTO,1267,1567,1,71,192,114,231,1,101,71,9032,36634,64011,7227,76110,14,1,1,891,216,0.23,0.34,0.64,0.05,54041,9096,71,473,206,46,175,0.13,0.99,0.34,508,968,0.26,0.05,0.94,0.06,0.3,0.58,0.82,0.2,successful_dos,36
153,tcp,link,SH,2351,2986,0,217,210,106,242,0,26,33,47681,25784,61309,75059,30070,335,1,0,500,104,0.89,0.98,0.26,0.79,34487,21176,41,339,365,298,103,0.75,0.46,0.47,954,482,0.96,0.92,0.7,0.49,0.9,0.21,0.6,0.99,inappropriate_content,2
27,icmp,netbios_ssn,S3,2369,51,1,227,92,15,136,0,255,112,16187,32796,87196,6764,54188,579,1,0,265,134,0.56,0.46,0.9,0.73,47153,64171,81,92,379,17,435,0.74,0.5,0.38,876,604,0.48,0.04,0.17,0.72,0.63,0.55,0.35,0.29,icmp_event,91
112,icmp,iso_tsap,RSTOS0,1601,267,1,180,241,121,253,0,182,82,15375,32284,37964,88563,65520,659,0,0,266,19,0.8,0.4,0.08,0.06,64837,19876,51,398,256,100,403,0.04,0.93,0.15,428,344,0.94,0.05,0.83,0.21,0.04,0.67,0.85,0.6,network_scan,59
81,udp,time,S2,494,3098,1,49,107,86,37,0,178,3,66938,73462,24866,84743,36598,116,0,0,771,980,0.95,0.59,0.61,0.38,59573,29196,3,226,349,166,167,0.58,0.35,0.44,643,53,0.99,0.59,0.4,0.21,0.24,0.47,0.1,0.88,successful_user,27
45,tcp,aol,S1,1291,2212,0,125,197,219,5,0,72,0,24,59313,39742,55075,85467,531,1,1,407,182,0.88,0.5,0.73,0.7,34189,8568,69,249,89,103,476,0.71,0.79,0.48,192,360,0.41,0.71,0.65,0.38,0.96,1,0.67,0.52,successful_admin,21
116,icmp,other,RSTR,1897,2167,0,152,123,231,140,1,153,10,91013,98253,27962,27801,93900,432,0,1,944,921,0,0.9,0.69,0.78,7152,45925,46,157,278,78,381,0.36,0.71,0.73,617,217,0.65,0.96,0.84,0.44,0.39,0.22,0.19,0.96,successful_recon_limited,96
233,tcp,Z39_50,S1,1027,2986,0,206,36,151,218,1,83,150,91104,12773,74065,32445,23415,142,1,0,125,382,0.06,0.99,0.73,0.22,34397,65125,70,27,300,146,417,0.72,0,0.51,824,974,0.02,0.58,0.7,0.74,0.56,0.39,0.24,0.5,web_application_activity,15
238,tcp,uucp_path,SF,1980,1152,1,159,139,123,233,0,4,4,55381,97193,7042,15712,2044,647,1,1,60,801,0.74,0.43,0.42,0.03,37621,56619,59,103,327,236,439,0.4,0.57,0.71,274,356,0.07,0.58,0.89,0.69,0.21,0.01,0.47,0.93,xss_attack,37
231,icmp,Z39_50,S3,62,694,0,11,181,193,151,0,179,130,20561,96478,89820,31578,25838,655,1,0,831,230,0.51,0.04,0.36,0.03,42247,64277,69,113,290,53,493,0.32,0.7,0.69,126,898,0.76,0.82,0.77,0,0.17,0.92,0.7,0.72,successful_admin,86
183,tcp,gopher,S2,1925,1080,0,231,77,197,70,1,64,123,8384,40245,54585,12086,90098,696,0,0,425,878,0.33,0.16,0.71,0.57,10030,30384,9,382,302,99,301,0.83,0.43,0.93,631,130,0.69,0.57,0.59,0.99,0.58,0.6,0.12,0.45,shellcode_detect,40
132,icmp,http_2784,RSTOS0,331,72,0,13,11,213,189,1,136,153,96142,59374,64363,15945,68985,139,1,0,926,438,0.84,0,0.47,0.5,32580,34555,1,269,166,295,216,0.27,0.71,0.73,546,493,0.96,0.64,0.89,0.22,0.59,0.01,0.74,0.34,inappropriate_content,31
5,udp,klogin,RSTO,709,56,0,63,254,136,105,0,170,60,51222,24969,14455,26086,70442,619,1,1,246,834,0.32,0.27,0.23,0.21,14746,17054,52,238,128,152,419,0.83,0.54,0.62,307,18,0.52,0.86,0.59,0.81,0.4,0.92,0.77,0.76,successful_admin,52
20,icmp,systat,S1,2425,547,0,101,242,91,93,1,65,39,78385,45846,45761,35471,65947,156,0,1,675,812,0.29,0.56,0.06,0.87,10656,36633,89,410,137,47,202,0.27,0.32,0.3,300,989,0.77,0.62,0.89,0.97,0.5,0.82,0.91,0.58,successful_recon_limited,5
31,udp,imap4,SF,1269,2848,0,105,66,171,180,1,222,5,53712,154,25584,32396,85394,550,1,1,244,576,0.28,0.58,0.28,0.34,27244,47105,95,95,95,222,103,0.04,0.87,0.7,956,657,0.37,0.38,0.44,0.81,0.36,0.56,0.26,0.95,network_scan,10
76,tcp,csnet_ns,OTH,1522,721,1,3,172,225,94,0,245,80,11983,49617,16835,1556,57677,46,0,1,594,738,0.44,0.38,0.54,0.12,39517,56647,43,402,238,247,254,0.04,0.05,0.95,650,316,0.76,0.42,0.08,0.74,0.48,0.8,0.66,0.87,misc_attack,73
78,icmp,discard,S0,2831,350,1,139,224,148,55,0,133,63,72793,61206,45303,73568,15469,393,1,0,652,851,0.15,0.36,0.42,0.58,33073,59851,39,251,34,180,452,0.7,0.94,0.53,711,121,0.09,0.96,0.27,0.34,0.43,0.81,0.74,0.29,shellcode_detect,59
115,tcp,discard,OTH,1685,3091,0,123,53,199,31,1,176,61,24423,83583,92888,49341,31978,498,0,1,232,442,0.48,0.76,0,0.73,43229,47611,87,34,61,269,402,0.83,0.54,0.42,187,855,0.83,0.75,0.74,0.29,0.19,0.82,0.4,0.55,attempted_admin,18
81,icmp,shell,RSTR,1902,1205,0,229,217,143,148,1,140,84,436,79578,80108,26835,92158,597,1,0,766,222,0.36,0.4,0.5,0.21,28026,9448,14,276,3,147,157,0.29,0.74,0.23,808,693,0.38,0.36,0.62,0.81,0.16,0.38,0.28,0.08,successful_recon_limited,8
